Testcase #3
[[  0.  -1.  -1.  -1.  -1.  -1.]
[-12.  -1.  -1.  -1.  -1.  -1.]
[ -1.  -1.  -1.  -1.  -4.  -4.]
[ -1.  -1. -15.  -1.  -1.   0.]
[ -1.  -1.  -1.  -1.  -1.  -1.]
[ -1.  -1.  -1.  -1.  -1.  -1.]]
Iteration #2
[[  0.  -1.  -2.  -3.  -3.  -3.]
[-12.  -2.  -3.  -3.  -3.  -3.]
[ -3.  -3.  -3.  -3.  -5.  -4.]
[ -3.  -3. -17.  -2.  -1.   0.]
[ -3.  -3.  -3.  -3.  -2.  -1.]
[ -3.  -3.  -3.  -3.  -3.  -2.]]
Iteration #3
[[  0.  -1.  -2.  -3.  -4.  -4.]
[-12.  -2.  -3.  -4.  -4.  -4.]
[ -4.  -3.  -4.  -3.  -5.  -4.]
[ -4.  -4. -17.  -2.  -1.   0.]
[ -4.  -4.  -4.  -3.  -2.  -1.]
[ -4.  -4.  -4.  -4.  -3.  -2.]]
Iteration #4
[[  0.  -1.  -2.  -3.  -4.  -5.]
[-12.  -2.  -3.  -4.  -5.  -5.]
[ -4.  -3.  -4.  -3.  -5.  -4.]
[ -5.  -4. -17.  -2.  -1.   0.]
[ -5.  -5.  -4.  -3.  -2.  -1.]
[ -5.  -5.  -5.  -4.  -3.  -2.]]
Iteration #5
[[  0.  -1.  -2.  -3.  -4.  -5.]
[-12.  -2.  -3.  -4.  -5.  -5.]
[ -4.  -3.  -4.  -3.  -5.  -4.]
[ -5.  -4. -17.  -2.  -1.   0.]
[ -6.  -5.  -4.  -3.  -2.  -1.]
[ -6.  -6.  -5.  -4.  -3.  -2.]]
Iteration #6
[[  0.  -1.  -2.  -3.  -4.  -5.]
[-12.  -2.  -3.  -4.  -5.  -5.]
[ -4.  -3.  -4.  -3.  -5.  -4.]
[ -5.  -4. -17.  -2.  -1.   0.]
[ -6.  -5.  -4.  -3.  -2.  -1.]
[ -7.  -6.  -5.  -4.  -3.  -2.]]
Iteration #7
[[  0.  -1.  -2.  -3.  -4.  -5.]
[-12.  -2.  -3.  -4.  -5.  -5.]
[ -4.  -3.  -4.  -3.  -5.  -4.]
[ -5.  -4. -17.  -2.  -1.   0.]
[ -6.  -5.  -4.  -3.  -2.  -1.]
[ -7.  -6.  -5.  -4.  -3.  -2.]]
No of iteration: 7
[[  0.  -1.  -2.  -3.  -4.  -5.]
[-12.  -2.  -3.  -4.  -5.  -5.]
[ -4.  -3.  -4.  -3.  -5.  -4.]
[ -5.  -4. -17.  -2.  -1.   0.]
[ -6.  -5.  -4.  -3.  -2.  -1.]
[ -7.  -6.  -5.  -4.  -3.  -2.]]

