Testcase #1
[[ 0. -1. -1. -1.]
 [-1. -1. -1. -1.]
 [-1. -1. -1. -1.]
 [-1. -1. -1.  0.]]
No of iteration: 3
[[ 0. -1. -2. -3.]
 [-1. -2. -3. -2.]
 [-2. -3. -2. -1.]
 [-3. -2. -1.  0.]]


Testcase #2
[[-1. -1. -1. -1.]
 [-1. -2. -1. -2.]
 [-6. -1. -1. -1.]
 [-1. -1. -2.  0.]]
No of iteration: 6
[[-6. -5. -4. -4.]
 [-6. -5. -3. -3.]
 [-9. -3. -2. -1.]
 [-4. -3. -2.  0.]]


Testcase #3
[[  0.  -1.  -1.  -1.  -1.  -1.]
 [-12.  -1.  -1.  -1.  -1.  -1.]
 [ -1.  -1.  -1.  -1.  -4.  -4.]
 [ -1.  -1. -15.  -1.  -1.   0.]
 [ -1.  -1.  -1.  -1.  -1.  -1.]
 [ -1.  -1.  -1.  -1.  -1.  -1.]]
No of iteration: 7
[[  0.  -1.  -2.  -3.  -4.  -5.]
 [-12.  -2.  -3.  -4.  -5.  -5.]
 [ -4.  -3.  -4.  -3.  -5.  -4.]
 [ -5.  -4. -17.  -2.  -1.   0.]
 [ -6.  -5.  -4.  -3.  -2.  -1.]
 [ -7.  -6.  -5.  -4.  -3.  -2.]]


Testcase #4
[[  0.  -1.  -1.  -1.  -1.   0.]
 [-12.  -1.  -1.  -1.  -1. -10.]
 [ -1. -20.  -1. -10.  -4.  -4.]
 [ -1.  -1. -15.   0. -10.  -3.]
 [ -1.  -1.  -1. -10.  -1.  -1.]
 [  0. -18.  -1.  -1.  -1.  -1.]]
No of iteration: 9
[[  0.  -1.  -2.  -2.  -1.   0.]
 [-12.  -2.  -3.  -3.  -2. -10.]
 [ -3. -22.  -4. -10.  -6. -10.]
 [ -2.  -3. -15.   0. -10. -11.]
 [ -1.  -2.  -3. -10.  -7.  -8.]
 [  0. -18.  -4.  -5.  -6.  -7.]]
