Testcase #2
[[-1. -1. -1. -1.]
[-1. -2. -1. -2.]
[-6. -1. -1. -1.]
[-1. -1. -2.  0.]]
Iteration #2
[[-3. -3. -3. -3.]
[-3. -4. -3. -3.]
[-8. -3. -2. -1.]
[-3. -3. -2.  0.]]
Iteration #3
[[-4. -4. -4. -4.]
[-4. -5. -3. -3.]
[-9. -3. -2. -1.]
[-4. -3. -2.  0.]]
Iteration #4
[[-5. -5. -4. -4.]
[-5. -5. -3. -3.]
[-9. -3. -2. -1.]
[-4. -3. -2.  0.]]
Iteration #5
[[-6. -5. -4. -4.]
[-6. -5. -3. -3.]
[-9. -3. -2. -1.]
[-4. -3. -2.  0.]]
Iteration #6
[[-6. -5. -4. -4.]
[-6. -5. -3. -3.]
[-9. -3. -2. -1.]
[-4. -3. -2.  0.]]
No of iteration: 6
[[-6. -5. -4. -4.]
[-6. -5. -3. -3.]
[-9. -3. -2. -1.]
[-4. -3. -2.  0.]]
