Testcase #4
[[  0.  -1.  -1.  -1.  -1.   0.]
[-12.  -1.  -1.  -1.  -1. -10.]
[ -1. -20.  -1. -10.  -4.  -4.]
[ -1.  -1. -15.   0. -10.  -3.]
[ -1.  -1.  -1. -10.  -1.  -1.]
[  0. -18.  -1.  -1.  -1.  -1.]]
Iteration #2
[[  0.  -1.  -2.  -2.  -1.   0.]
[-12.  -2.  -3.  -3.  -2. -10.]
[ -3. -22.  -3. -10.  -6.  -8.]
[ -2.  -3. -15.   0. -10.  -5.]
[ -1.  -2.  -3. -10.  -3.  -3.]
[  0. -18.  -3.  -3.  -3.  -3.]]
Iteration #3
[[  0.  -1.  -2.  -2.  -1.   0.]
[-12.  -2.  -3.  -3.  -2. -10.]
[ -3. -22.  -4. -10.  -6.  -9.]
[ -2.  -3. -15.   0. -10.  -6.]
[ -1.  -2.  -3. -10.  -4.  -4.]
[  0. -18.  -4.  -4.  -4.  -4.]]
Iteration #4
[[  0.  -1.  -2.  -2.  -1.   0.]
[-12.  -2.  -3.  -3.  -2. -10.]
[ -3. -22.  -4. -10.  -6. -10.]
[ -2.  -3. -15.   0. -10.  -7.]
[ -1.  -2.  -3. -10.  -5.  -5.]
[  0. -18.  -4.  -5.  -5.  -5.]]
Iteration #5
[[  0.  -1.  -2.  -2.  -1.   0.]
[-12.  -2.  -3.  -3.  -2. -10.]
[ -3. -22.  -4. -10.  -6. -10.]
[ -2.  -3. -15.   0. -10.  -8.]
[ -1.  -2.  -3. -10.  -6.  -6.]
[  0. -18.  -4.  -5.  -6.  -6.]]
Iteration #6
[[  0.  -1.  -2.  -2.  -1.   0.]
[-12.  -2.  -3.  -3.  -2. -10.]
[ -3. -22.  -4. -10.  -6. -10.]
[ -2.  -3. -15.   0. -10.  -9.]
[ -1.  -2.  -3. -10.  -7.  -7.]
[  0. -18.  -4.  -5.  -6.  -7.]]
Iteration #7
[[  0.  -1.  -2.  -2.  -1.   0.]
[-12.  -2.  -3.  -3.  -2. -10.]
[ -3. -22.  -4. -10.  -6. -10.]
[ -2.  -3. -15.   0. -10. -10.]
[ -1.  -2.  -3. -10.  -7.  -8.]
[  0. -18.  -4.  -5.  -6.  -7.]]
Iteration #8
[[  0.  -1.  -2.  -2.  -1.   0.]
[-12.  -2.  -3.  -3.  -2. -10.]
[ -3. -22.  -4. -10.  -6. -10.]
[ -2.  -3. -15.   0. -10. -11.]
[ -1.  -2.  -3. -10.  -7.  -8.]
[  0. -18.  -4.  -5.  -6.  -7.]]
Iteration #9
[[  0.  -1.  -2.  -2.  -1.   0.]
[-12.  -2.  -3.  -3.  -2. -10.]
[ -3. -22.  -4. -10.  -6. -10.]
[ -2.  -3. -15.   0. -10. -11.]
[ -1.  -2.  -3. -10.  -7.  -8.]
[  0. -18.  -4.  -5.  -6.  -7.]]
No of iteration: 9
[[  0.  -1.  -2.  -2.  -1.   0.]
[-12.  -2.  -3.  -3.  -2. -10.]
[ -3. -22.  -4. -10.  -6. -10.]
[ -2.  -3. -15.   0. -10. -11.]
[ -1.  -2.  -3. -10.  -7.  -8.]
[  0. -18.  -4.  -5.  -6.  -7.]]
